2059807072717590363370251912583201151362001975696881664347546574578308686053021774755446615310824468708392007111
1998395904970060794239612532877180115364333403232934413327943117385374806767387340939339296953885525358764330373
5541327879532636968340625308640694595008495863066724369973871370748754941984642331700383156904715868086419912180
5228603152088697975663172656429723900123976920077647728730064092140103607244855389548068593025490846859740919464
1058816508795708927976248375135160731282843062563809032087137788342474633227643443451993171953701333988932109260
5251447368690413772918000085485232950252236534162692975452071243738729484248143574231626471192858784513972512608
936627772850684655315109976198676251481819662604517925546512400572879793474186092797059966150295764180866090583
6056657918828323134408396125832296529367084365789652071226051460518975054269521140536399466502857899692106078091
2912182823217120486597861984612207156710501400647547725823315395323029473728423493143947058285089947314850671787
4151172843337267497763021401256439848444188024473485927262940056081822763399799409544282154676555428817129062721
392825496818923978287728047085197650063058238611914643101815618244269087079433069403753207864724952859287372641
5748668876960299933946464541370357043828659387635397108760286310061454256210626707936090693729987757269361733942
2640461364801294619994652891193465920338851715709703221569759458165153045404783928675224627595060367377209550002
3969808840412124583452164009184944500597624543397713554441650372140005788857246248292133927340694275096260235857
5310686586262627666011970098036867691046757509995328986689900629279517435126219085081246180364860904443940911472
2318186400872660449521363546235068031204684860226532120344082600378870786486599448616562879344936917739391699197
4383113946713146326452597328461110924136010741466756375392495003465992941846313656144011174039218411542655930646
1632027650438844294084094467550014636589124624387309732271723598098059160783912033653351231956512763970051613647
3403943727136143812150332404353945964010924760098868256373669966394284888884549805252006962900604667672151912231
21847145581857319227165757599534692837904787640034666228699087053718661966616075427553835685011358997271213467
838702719906508180739795223814094612302153600192504199002469652891052585805040796518454053345022552525660193649
4675922729593918978668564185233256068666437818293007452003821200253211358155503423892860011504224832413086209854
5438164260814803475379698201884001267655835294308812450933320479338265495610927251655022179046811843022471868048
1753830653852064539762215850143953661096207210111699763368798520733585484901439828341724193944925847566161305881
4247536895664685864486059678261489545508327933869805236862610612318568485736176272031563226285777585316332437876
99667642526320401869919841375133318909739546353400015709167448610733972209049038095191192785896628492459151307
1022817295703391759025834716029388865466605445994615496294815722777593009397243173828207276563774915637818356500
4312151235142408785446160961616715486085908886328222301953215736685306595725612960501599923222506126986061690974
5636706666984429112936793191091544817732055769437008854577499273035525869596514643211243562020411559192055250271
639169142332470214487451556776057781533228051962807793108048273937445993203823378053046474240807498445614645997
4324426608649687694669448020840384345677042989465402450431716313253781178062578749374345532048200394693473317933
5810916693690505226452134735809357233329342193624852284425326438416322172725697396083512111129620396378351537752
3047214213138294844618550522256678695347594164546683573288743555690750522376785851359387650209249717214125506344
2050221894596177445696338746015118313390075511746392498734217728705233757655748461445857470652436114052415532050
942623226571445125896374684169744519762149250996203778277110370138680581683255917875883132045941696020477448938
5871795302498997098557380335763661704112703328281726399746621180817459496412274149149103971660763051232834507794
5944958744669668505243801635406108744621729124973993702758583675426639812510475238387035697407190240653794650031
3074311067369488618271809269697841402092558585215764107624003537056430331469688645338464913759560760075548060842
1434158872627792658505155536856178784659727693726412536399355631166142248037726518929911987044769130557843341334
619287716416665032549629125529767206038310070748661583038954908979778315242568513707636136017000929248993171627
1512606805447857628751270933150774959739880824244177195171943306569471722747831257079334168031401346182459146929
351218522650777525482590589606409251761357098265457449883087275205311905059071232299856865527256791456807029938
4025182239798729298598808738788608455469562959213010534621611905106544588088844899680429216595010147885459517341
3421034510175730026775048538401207792238582852557374028252550737656544222010936823947595069816214602829332295877
5708577617795324589492916998648518450550531730535257923996908723564186411562951484335185353650099827708261242231
1022020438308635584289648097930926281415904990208549955543111735649443114600765223293318454779199906706848940091
6037276386129684923523323689804582898323118108327247616155011378007697470533024451000399003321661371403100504387
5455550511538671077574116092794974650734638891530940197884941851245079265295452790393398800606355905985917355727
43721914966812029284585781260679452253717382898390497580626704131397799542615312295315084608682583236512606476
4210779413148279481890011083711230043918635501734946235503113067165088426624121112020809607416319833390807134226
5814785021633831899049771521500342246209785950338159504075098055193128584466924705057868362198531809650557766031
4200099963207597788968930765357490332114731654152463993324738245970972772860452530056470395388067207296513967256
3006880403453044691108844451296788247917941873404689044371752513799699163204731325054669824562820058176108371854
4425874991400981279070811398250844710404382497459383279321259448295958249068913035853777441733137722087297171157
2020522493421174375721173502170135691478341262047580642244696642884864838038580751370697253492711212904586804470
4741823886298513650988964619941373101941539357864523321289700186833172768028320576596256903080753642476292344948
1192818582573295057075420462857452725152874022681248677992895489321176666697841487731785409654543321870464002707
5443586101170699845619127123438318484338435289832162061924652658130352558278252034902247140595630435787612152368
699424396633056855146753727620373862816501451310695689834088460611573056537592281394752414420128312504338491186
3751797187118696303254945356128406186079195586731470930850217911898302013983538948196330843150112696612001937580
5356445785530409243060018654774533752304307650886709247096278445182728811143906184888690476621394673910434628946
753372662287200908350358962820089974132961883797047002789740728489535077149563381749527467237672948047625474985
5607429749715493339844139067434713720668517334826748181276621922447326985052759163967725576663730019127302219231
1066089366950693924133134923171201712836996309380940219649242715952565289337969770039873649902426074211986266742
4783755761086536084849386340703429064656857830109256393696816166525368902526443827842084689145283044183752309695
3351007916918573671938084074019602659788746662973787278219717313074825977880543834042391312750389928715311269737
2706522687925260594208062709674041197239954998115565752648430384688484700691896090614387198772843213384706664926
4249363253557038934382590881801952942883555296393891033233251869582954941470577683633208813452016262500774521219
4320960250676194915412083407606706239428009916488220396199448174839525336888520752606238803140915183329313053869
4158004321208879969347013437557947294413722363805278743126590831544387759019876308510371160356409559014771129580
3716903647570224083333900778131779938786781082303640300373510435825626215841408271015884149199217110557126092693
2574517217158413170511842491432575686976856038299316581941509301264446398991481301922730607294994312445053324515
324191040017640743377885342726764985400563740218807992449237845541130747175881039084699910317363213998739556049
6045446067078458248032211477803249456336648223559407052613154068953444656066978460012244416179377961795441767117
5980609087302913078511028134132433433492539804537208032720592723041179008509993725298041656066662589054555494376
5984372043841709792081569989461427157037421849702601994752780989848983946390867303402453523393048673275463394639
1500721671574331121287172584428976650341226794395423638744093465750260031247628704380817369093859362459225855790
1615985309643636598941272098527710595524421838896923059156046924259286274606823823948600546700015862846602061430
5281144112364361738679143816071753270972717288401148861455746134237057098931523060651120131958755458249798484790
990776330956796517341328543569625207765914704993757885839632250369252409342455364390153114809001903368240339585
3773195781169403804785495628988697353586676746167053366967175008045314485148896906558517184737436867720869072721
1135376471832845265822909552733703468899478810224501870531783707511018115817261689690937483946462319509627070928
4340227159139518972267847106031361696012433820766624883189051690320043939038691777470457202392938384771497344181
6102293440797063017272689020169512690426310045961936511276708781866618006177678081682870174480980934303148900312
4892440766375029536529129350957331654626359649077597274117049921852977913486854479943158774588900052809803435469
4114222457037262986682613128396419087973911824308092024594175377011989365442657687755004566809872731811345101899
5201518604117260089254453593332627305920044382429802172232323644916008550964088298962717548461273470529297236376
2332039158690393432150748660314193824464216653881784668460181602442363438250998112525825792812568149705955866671
1259126458865340823468606415318679018628988109761486526168122473905531627658673865997708498497606532707577702159
2796893376108812374082040453922459392184416786836626265290098878869988415096755711461875918031548854526114822484
1577098475025294325606659986476024787120008541130297556044023210127308435179717419654909386929572363244907682106
1489128633072450309706682821863459625460001031805276464191306120154159155032271925610272416345582184143963122645
174671531564588811823277484450091816800682593791249807156478080234839946247982941240550252401127490978789235482
3013162593442378612056141147741034445564810826083060740798621799444173315273142005482466023736917719315546554396
5100136639541405363596505281361396841514311311415241421759394825168832446057922091199699067638524817767376124012
1139277870422266181845771420675986667032182387499353392926268435033280635367254270732524870294845476452459743203
5837761444112372060598855021591729305221128070048764396458802613056484868052331026421975008165014330729756931084
830835419279053907722800924561791478686436783156719783033353836931243188407029063637125890334334168073507013251
2967933098251228402836986518680850242448507187354668689633191269022774534976378378548566802021403901184465470935
3993400425154024994768984273249551753292470826449969427557531088586199463744211893371248103652885948764139921233
1809263145127641316343925177782817597760696428892889482459198097871337413275269411928562516578725769294250319885
3871446007248771311660026506518109246606218691257976667801430257664435240915154211252766951604288296696018456253
4611696091827654130596596388938003783247575007240586775427253123102853723983767977551287994672149921132293832661
4475364332407595920720002569407361094879760145928219678987421289680191347196860145238576080904401517802905955753
3543068013340217352932585568063260973777378549116029425699694770933308702759436215995129123157191658033535785576
2667820370560924518992197431335752126600793526510594506969327163444386607504035537708055182958473431502373964442
523245933194797465318391280376101471967445885278929853472940263365187205166790894099824390102669365681858629835
5271726930163159683222798765944025740116092159186733461902291003081524955932251724993500017872313450546590645058
5421258766124980018100467091460378270116228357171154951007112104640073593045213708013326064937789558569733265000
3547605629587251467438214937483740655588111937805598311997775755418053416394500276510383935346973538949810755360
2036385166552371055962751448087924951468981955200394781024273850909740872055757164458059320062416256697902570362
5239038817648030149550498368030242468052073597836080306244496079934445695871030525025963054707511704487273644699
3926492802023763119896087631502277652555735531345852629414094989573085728325450671358431452598787770876133572905
2939027107495136797213809059922155263612112807492790450356260199192573515425079078515146611290683360670447224846
4818855137297997153274256952923446359925814790054819886489864817176317397444868035647342167560449888261983144775
4103673353880127754916703833298991861311078164936583113924145509440591544029737811861387821298882706922875501258
3939092589171142300011168714604306936679699706146412391826634314509251003471226102418076520776696679438960631003
2220629534342030845796410580119959304460143989449185769618140329347195620598097483671144842660344869665735054608
3464953662654613974448262713311082034698839873018401329776742734447926185327942745423091899709311865456099199837
2210935024587240699252293859175010695527181061658446019003093092593025780026061946394385180626455078772000900153
3993585976693347445872305892109396499288605187641089560386201697203486024531357365987387457431762405130917821706
1891727323082139381969710127367921819086888573478074711318221434458664214814131036802737716577331342705920205186
